##############################################################################
# Generated by SWASHES version 1.05.00, 2025-04-22
##############################################################################
# Dimension: 1
# Type: 5 (=Bedload)
# Domain: 1
# Choice: 2 (=with Meyer-Peter and Muler equation)
##############################################################################
# PARAMETERS OF THE SOLUTION
# 
# Length of the domain: 15 meters
# Space step: 0.075 meters
# Number of cells: 200
# Time value: 7 seconds
# 
# Initial conditions: h, u and z0 (see solution and documentation)
# Left boundary conditions x=-0.0375 m:
#   u=1.20056 m/s, h=0.832945 m, z0=0.0935923 m and z=0.0585923 m
# Right boundary conditions x=15.0375 m:
#   u=3.05382 m/s, h=0.327459 m, z0=0.197219 m and z=0.162219 m
# alpha=0.005 m/s, beta=0.005 m^2/s, A=0.00281563 s^2/m, q=1 m^2/s, C=1 m, p=1.5
# kappa=8, f=0.25, sedim. diam. d=0.0005 m, sedim. density rs=2600 kg/m^3, Shield's stress tau_cr=0.047
##############################################################################
# WARNING: to compare your numerical result to this solution,
#    you must be able to remove friction from the Shallow-Water part (see doc).
##############################################################################
# 
#(i-0.5)*dx 	    h[i] 	    u[i] 	 topo[i] 	    q[i] 	 topo[i]+h[i] 	Fr[i]=Froude	 topo[i]+hc[i] 	z0[i]=InitialTopo	 z0[i]+h[i] 	
   0.0375	0.8125321	 1.230721	0.07526745	        1	0.8877995	0.4359179	0.5424038	0.1102674	0.9227995	
   0.1125	0.7939872	 1.259466	0.09016394	        1	0.8841511	0.4512791	0.5573003	0.1251639	0.9191511	
   0.1875	0.7770299	 1.286952	0.1035539	        1	0.8805839	 0.466132	0.5706903	0.1385539	0.9155839	
   0.2625	0.7614366	 1.313307	0.1156544	        1	 0.877091	0.4805238	0.5827907	0.1506544	 0.912091	
   0.3375	 0.747026	 1.338642	0.1266406	        1	0.8736666	0.4944951	 0.593777	0.1616406	0.9086666	
   0.4125	0.7336494	 1.363049	0.1366563	        1	0.8703057	0.5080806	0.6037926	0.1716563	0.9053057	
   0.4875	0.7211836	 1.386609	0.1458202	        1	0.8670038	0.5213108	0.6129565	0.1808202	0.9020038	
   0.5625	0.7095252	 1.409393	0.1542317	        1	0.8637569	0.5342121	0.6213681	0.1892317	0.8987569	
   0.6375	0.6985869	 1.431461	0.1619747	        1	0.8605616	 0.546808	0.6291111	0.1969747	0.8955616	
   0.7125	0.6882943	 1.452867	0.1691205	        1	0.8574148	 0.559119	0.6362568	0.2041205	0.8924148	
   0.7875	0.6785834	 1.473658	0.1757302	        1	0.8543135	0.5711638	0.6428665	0.2107302	0.8893135	
   0.8625	 0.669399	 1.493877	0.1818564	        1	0.8512554	0.5829589	0.6489928	0.2168564	0.8862554	
   0.9375	 0.660693	 1.513562	 0.187545	        1	 0.848238	0.5945192	0.6546813	 0.222545	 0.883238	
   1.0125	0.6524236	 1.532747	0.1928358	        1	0.8452593	0.6058583	0.6599721	0.2278358	0.8802593	
   1.0875	0.6445536	 1.551461	0.1977638	        1	0.8423174	0.6169883	0.6649001	0.2327638	0.8773174	
   1.1625	0.6370506	 1.569734	0.2023599	        1	0.8394106	0.6279204	0.6694963	0.2373599	0.8744106	
   1.2375	0.6298856	  1.58759	0.2066515	        1	0.8365371	0.6386648	0.6737879	0.2416515	0.8715371	
   1.3125	0.6230328	 1.605052	0.2106628	        1	0.8336956	0.6492308	0.6777992	0.2456628	0.8686956	
   1.3875	0.6164691	 1.622141	0.2144156	        1	0.8308847	0.6596272	0.6815519	0.2494156	0.8658847	
   1.4625	0.6101738	 1.638877	0.2179292	        1	 0.828103	0.6698617	0.6850656	0.2529292	 0.863103	
   1.5375	0.6041283	 1.655277	0.2212211	        1	0.8253495	0.6799418	0.6883575	0.2562211	0.8603495	
   1.6125	0.5983157	 1.671358	0.2243072	        1	0.8226229	0.6898741	0.6914435	0.2593072	0.8576229	
   1.6875	0.5927208	 1.687135	0.2272015	        1	0.8199223	0.6996651	0.6943378	0.2622015	0.8549223	
   1.7625	0.5873297	 1.702621	 0.229917	        1	0.8172467	0.7093206	0.6970534	 0.264917	0.8522467	
   1.8375	0.5821297	  1.71783	0.2324656	        1	0.8145953	 0.718846	0.6996019	0.2674656	0.8495953	
   1.9125	0.5771093	 1.732774	0.2348578	        1	0.8119671	0.7282466	0.7019942	0.2698578	0.8469671	
   1.9875	0.5722578	 1.747464	0.2371035	        1	0.8093613	 0.737527	0.7042399	0.2721035	0.8443613	
   2.0625	0.5675656	 1.761911	0.2392117	        1	0.8067773	0.7466918	 0.706348	0.2742117	0.8417773	
   2.1375	0.5630238	 1.776124	0.2411905	        1	0.8042143	0.7557451	0.7083268	0.2761905	0.8392143	
   2.2125	0.5586241	 1.790113	0.2430475	        1	0.8016716	0.7646911	0.7101839	0.2780475	0.8366716	
   2.2875	0.5543589	 1.803886	0.2447898	        1	0.7991486	0.7735333	0.7119261	0.2797898	0.8341486	
   2.3625	0.5502211	 1.817451	0.2464237	        1	0.7966448	0.7822753	0.7135601	0.2814237	0.8316448	
   2.4375	0.5462043	 1.830817	0.2479552	        1	0.7941595	0.7909205	0.7150916	0.2829552	0.8291595	
   2.5125	0.5423023	  1.84399	0.2493899	        1	0.7916922	0.7994721	0.7165262	0.2843899	0.8266922	
   2.5875	0.5385097	 1.856977	0.2507328	        1	0.7892424	0.8079328	0.7178691	0.2857328	0.8242424	
   2.6625	 0.534821	 1.869785	0.2519887	        1	0.7868097	0.8163057	 0.719125	0.2869887	0.8218097	
   2.7375	0.5312314	 1.882419	 0.253162	        1	0.7843935	0.8245934	0.7202984	 0.288162	0.8193935	
   2.8125	0.5277364	 1.894885	0.2542569	        1	0.7819933	0.8327985	0.7213933	0.2892569	0.8169933	
   2.8875	0.5243317	  1.90719	0.2552773	        1	0.7796089	0.8409233	0.7224136	0.2902773	0.8146089	
   2.9625	0.5210132	 1.919337	0.2562266	        1	0.7772398	0.8489702	 0.723363	0.2912266	0.8122398	
   3.0375	0.5177772	 1.931333	0.2571083	        1	0.7748855	0.8569414	0.7242447	0.2921083	0.8098855	
   3.1125	0.5146202	 1.943181	0.2579256	        1	0.7725458	0.8648389	 0.725062	0.2929256	0.8075458	
   3.1875	0.5115389	 1.954885	0.2586814	        1	0.7702203	0.8726648	0.7258178	0.2936814	0.8052203	
   3.2625	0.5085302	 1.966452	0.2593785	        1	0.7679086	0.8804211	0.7265148	0.2943785	0.8029086	
   3.3375	 0.505591	 1.977883	0.2600195	        1	0.7656105	0.8881094	0.7271558	0.2950195	0.8006105	
   3.4125	0.5027187	 1.989184	0.2606068	        1	0.7633255	0.8957317	0.7277432	0.2956068	0.7983255	
   3.4875	0.4999106	 2.000358	0.2611429	        1	0.7610535	0.9032895	0.7282792	0.2961429	0.7960535	
   3.5625	0.4971643	 2.011407	0.2616298	        1	0.7587941	0.9107844	0.7287661	0.2966298	0.7937941	
   3.6375	0.4944774	 2.022337	0.2620696	        1	 0.756547	0.9182181	 0.729206	0.2970696	 0.791547	
   3.7125	0.4918477	  2.03315	0.2624643	        1	 0.754312	0.9255919	0.7296007	0.2974643	 0.789312	
   3.7875	0.4892731	 2.043848	0.2628158	        1	0.7520889	0.9329074	0.7299521	0.2978158	0.7870889	
   3.8625	0.4867516	 2.054436	0.2631257	        1	0.7498773	0.9401658	0.7302621	0.2981257	0.7848773	
   3.9375	0.4842813	 2.064916	0.2633957	        1	 0.747677	0.9473685	0.7305321	0.2983957	 0.782677	
   4.0125	0.4818604	  2.07529	0.2636275	        1	0.7454879	0.9545168	0.7307638	0.2986275	0.7804879	
   4.0875	0.4794873	 2.085561	0.2638224	        1	0.7433097	0.9616118	0.7309587	0.2988224	0.7783097	
   4.1625	0.4771603	 2.095732	0.2639818	        1	0.7411421	0.9686548	0.7311182	0.2989818	0.7761421	
   4.2375	0.4748778	 2.105805	0.2641072	        1	 0.738985	0.9756469	0.7312436	0.2991072	 0.773985	
   4.3125	0.4726384	 2.115782	0.2641998	        1	0.7368382	0.9825891	0.7313361	0.2991998	0.7718382	
   4.3875	0.4704407	 2.125666	0.2642607	        1	0.7347015	0.9894825	0.7313971	0.2992607	0.7697015	
   4.4625	0.4682834	 2.135459	0.2642913	        1	0.7325746	0.9963281	0.7314276	0.2992913	0.7675746	
   4.5375	0.4661651	 2.145163	0.2642924	        1	0.7304575	 1.003127	0.7314288	0.2992924	0.7654575	
   4.6125	0.4640846	 2.154779	0.2642653	        1	0.7283499	  1.00988	0.7314017	0.2992653	0.7633499	
   4.6875	0.4620408	 2.164311	0.2642109	        1	0.7262517	 1.016588	0.7313472	0.2992109	0.7612517	
   4.7625	0.4600326	 2.173759	0.2641301	        1	0.7241627	 1.023252	0.7312664	0.2991301	0.7591627	
   4.8375	0.4580588	 2.183126	0.2640239	        1	0.7220827	 1.029873	0.7311602	0.2990239	0.7570827	
   4.9125	0.4561186	 2.192412	 0.263893	        1	0.7200116	 1.036451	0.7310294	 0.298893	0.7550116	
   4.9875	0.4542107	 2.201621	0.2637385	        1	0.7179492	 1.042988	0.7308748	0.2987385	0.7529492	
   5.0625	0.4523345	 2.210753	 0.263561	        1	0.7158955	 1.049484	0.7306974	 0.298561	0.7508955	
   5.1375	0.4504889	 2.219811	0.2633613	        1	0.7138502	  1.05594	0.7304977	0.2983613	0.7488502	
   5.2125	 0.448673	 2.228795	0.2631402	        1	0.7118132	 1.062357	0.7302765	0.2981402	0.7468132	
   5.2875	0.4468861	 2.237707	0.2628983	        1	0.7097844	 1.068735	0.7300346	0.2978983	0.7447844	
   5.3625	0.4451274	 2.246548	0.2626362	        1	0.7077636	 1.075076	0.7297726	0.2976362	0.7427636	
   5.4375	 0.443396	  2.25532	0.2623548	        1	0.7057508	 1.081379	0.7294911	0.2973548	0.7407508	
   5.5125	0.4416913	 2.264025	0.2620545	        1	0.7037458	 1.087645	0.7291908	0.2970545	0.7387458	
   5.5875	0.4400125	 2.272663	0.2617359	        1	0.7017484	 1.093876	0.7288723	0.2967359	0.7367484	
   5.6625	0.4383589	 2.281236	0.2613997	        1	0.6997586	 1.100071	 0.728536	0.2963997	0.7347586	
   5.7375	  0.43673	 2.289744	0.2610463	        1	0.6977763	 1.106231	0.7281827	0.2960463	0.7327763	
   5.8125	 0.435125	  2.29819	0.2606763	        1	0.6958013	 1.112358	0.7278127	0.2956763	0.7308013	
   5.8875	0.4335433	 2.306574	0.2602902	        1	0.6938335	  1.11845	0.7274266	0.2952902	0.7288335	
   5.9625	0.4319845	 2.314898	0.2598885	        1	0.6918729	  1.12451	0.7270248	0.2948885	0.7268729	
   6.0375	0.4304478	 2.323162	0.2594716	        1	0.6899193	 1.130537	0.7266079	0.2944716	0.7249193	
   6.1125	0.4289327	 2.331368	0.2590399	        1	0.6879726	 1.136532	0.7261763	0.2940399	0.7229726	
   6.1875	0.4274388	 2.339516	 0.258594	        1	0.6860328	 1.142496	0.7257304	 0.293594	0.7210328	
   6.2625	0.4259655	 2.347608	0.2581342	        1	0.6840997	 1.148428	0.7252706	0.2931342	0.7190997	
   6.3375	0.4245123	 2.355644	 0.257661	        1	0.6821732	  1.15433	0.7247973	 0.292661	0.7171732	
   6.4125	0.4230787	 2.363626	0.2571746	        1	0.6802533	 1.160202	 0.724311	0.2921746	0.7152533	
   6.4875	0.4216643	 2.371555	0.2566756	        1	0.6783399	 1.166045	0.7238119	0.2916756	0.7133399	
   6.5625	0.4202687	  2.37943	0.2561641	        1	0.6764328	 1.171858	0.7233005	0.2911641	0.7114328	
   6.6375	0.4188913	 2.387254	0.2556407	        1	0.6745321	 1.177642	0.7227771	0.2906407	0.7095321	
   6.7125	0.4175319	 2.395027	0.2551056	        1	0.6726375	 1.183398	0.7222419	0.2901056	0.7076375	
   6.7875	0.4161899	 2.402749	0.2545591	        1	0.6707491	 1.189127	0.7216955	0.2895591	0.7057491	
   6.8625	0.4148651	 2.410422	0.2540016	        1	0.6688667	 1.194827	 0.721138	0.2890016	0.7038667	
   6.9375	0.4135569	 2.418047	0.2534334	        1	0.6669903	 1.200501	0.7205697	0.2884334	0.7019903	
   7.0125	0.4122651	 2.425624	0.2528547	        1	0.6651198	 1.206148	 0.719991	0.2878547	0.7001198	
   7.0875	0.4109893	 2.433153	0.2522658	        1	0.6632551	 1.211769	0.7194021	0.2872658	0.6982551	
   7.1625	0.4097292	 2.440636	 0.251667	        1	0.6613962	 1.217363	0.7188034	 0.286667	0.6963962	
   7.2375	0.4084844	 2.448074	0.2510586	        1	 0.659543	 1.222932	 0.718195	0.2860586	 0.694543	
   7.3125	0.4072545	 2.455467	0.2504408	        1	0.6576954	 1.228476	0.7175772	0.2854408	0.6926954	
   7.3875	0.4060394	 2.462815	0.2498139	        1	0.6558533	 1.233994	0.7169502	0.2848139	0.6908533	
   7.4625	0.4048386	  2.47012	0.2491781	        1	0.6540167	 1.239489	0.7163144	0.2841781	0.6890167	
   7.5375	 0.403652	 2.477382	0.2485336	        1	0.6521855	 1.244958	0.7156699	0.2835336	0.6871855	
   7.6125	0.4024791	 2.484601	0.2478806	        1	0.6503597	 1.250404	 0.715017	0.2828806	0.6853597	
   7.6875	0.4013198	 2.491779	0.2472194	        1	0.6485392	 1.255827	0.7143558	0.2822194	0.6835392	
   7.7625	0.4001737	 2.498915	0.2465503	        1	0.6467239	 1.261226	0.7136866	0.2815503	0.6817239	
   7.8375	0.3990405	 2.506011	0.2458733	        1	0.6449138	 1.266601	0.7130096	0.2808733	0.6799138	
   7.9125	0.3979202	 2.513067	0.2451886	        1	0.6431088	 1.271955	 0.712325	0.2801886	0.6781088	
   7.9875	0.3968123	 2.520083	0.2444966	        1	0.6413088	 1.277285	0.7116329	0.2794966	0.6763088	
   8.0625	0.3957166	 2.527061	0.2437973	        1	0.6395139	 1.282594	0.7109336	0.2787973	0.6745139	
   8.1375	 0.394633	    2.534	0.2430909	        1	0.6377239	  1.28788	0.7102273	0.2780909	0.6727239	
   8.2125	0.3935611	 2.540902	0.2423777	        1	0.6359388	 1.293145	0.7095141	0.2773777	0.6709388	
   8.2875	0.3925008	 2.547766	0.2416577	        1	0.6341585	 1.298389	0.7087941	0.2766577	0.6691585	
   8.3625	0.3914518	 2.554593	0.2409312	        1	 0.632383	 1.303611	0.7080676	0.2759312	 0.667383	
   8.4375	 0.390414	 2.561384	0.2401983	        1	0.6306123	 1.308813	0.7073347	0.2751983	0.6656123	
   8.5125	 0.389387	 2.568139	0.2394592	        1	0.6288462	 1.313994	0.7065955	0.2744592	0.6638462	
   8.5875	0.3883708	 2.574859	0.2387139	        1	0.6270848	 1.319154	0.7058503	0.2737139	0.6620848	
   8.6625	0.3873652	 2.581543	0.2379627	        1	0.6253279	 1.324295	0.7050991	0.2729627	0.6603279	
   8.7375	0.3863698	 2.588194	0.2372058	        1	0.6235756	 1.329415	0.7043421	0.2722058	0.6585756	
   8.8125	0.3853847	  2.59481	0.2364431	        1	0.6218278	 1.334516	0.7035795	0.2714431	0.6568278	
   8.8875	0.3844095	 2.601393	0.2356749	        1	0.6200844	 1.339598	0.7028113	0.2706749	0.6550844	
   8.9625	0.3834441	 2.607942	0.2349014	        1	0.6183455	  1.34466	0.7020377	0.2699014	0.6533455	
   9.0375	0.3824883	 2.614459	0.2341225	        1	0.6166109	 1.349703	0.7012589	0.2691225	0.6516109	
   9.1125	 0.381542	 2.620943	0.2333385	        1	0.6148806	 1.354727	0.7004749	0.2683385	0.6498806	
   9.1875	 0.380605	 2.627396	0.2325495	        1	0.6131546	 1.359733	0.6996859	0.2675495	0.6481546	
   9.2625	0.3796772	 2.633816	0.2317556	        1	0.6114328	 1.364721	0.6988919	0.2667556	0.6464328	
   9.3375	0.3787583	 2.640206	0.2309569	        1	0.6097152	  1.36969	0.6980932	0.2659569	0.6447152	
   9.4125	0.3778483	 2.646565	0.2301534	        1	0.6080017	 1.374641	0.6972898	0.2651534	0.6430017	
   9.4875	0.3769469	 2.652893	0.2293455	        1	0.6062924	 1.379575	0.6964818	0.2643455	0.6412924	
   9.5625	0.3760541	 2.659192	 0.228533	        1	0.6045871	 1.384491	0.6956693	 0.263533	0.6395871	
   9.6375	0.3751697	  2.66546	0.2277162	        1	0.6028859	 1.389389	0.6948525	0.2627162	0.6378859	
   9.7125	0.3742936	   2.6717	0.2268951	        1	0.6011886	  1.39427	0.6940314	0.2618951	0.6361886	
   9.7875	0.3734256	  2.67791	0.2260698	        1	0.5994953	 1.399134	0.6932061	0.2610698	0.6344953	
   9.8625	0.3725655	 2.684091	0.2252404	        1	 0.597806	 1.403982	0.6923768	0.2602404	 0.632806	
   9.9375	0.3717134	 2.690245	0.2244071	        1	0.5961205	 1.408812	0.6915434	0.2594071	0.6311205	
  10.0125	 0.370869	  2.69637	0.2235698	        1	0.5944388	 1.413626	0.6907062	0.2585698	0.6294388	
  10.0875	0.3700322	 2.702467	0.2227288	        1	 0.592761	 1.418424	0.6898651	0.2577288	 0.627761	
  10.1625	 0.369203	 2.708537	 0.221884	        1	 0.591087	 1.423206	0.6890203	 0.256884	 0.626087	
  10.2375	0.3683811	  2.71458	0.2210356	        1	0.5894167	 1.427971	0.6881719	0.2560356	0.6244167	
  10.3125	0.3675665	 2.720596	0.2201836	        1	0.5877501	 1.432721	0.6873199	0.2551836	0.6227501	
  10.3875	0.3667591	 2.726586	0.2193281	        1	0.5860872	 1.437455	0.6864645	0.2543281	0.6210872	
  10.4625	0.3659587	 2.732549	0.2184692	        1	0.5844279	 1.442173	0.6856056	0.2534692	0.6194279	
  10.5375	0.3651652	 2.738487	 0.217607	        1	0.5827723	 1.446876	0.6847434	 0.252607	0.6177723	
  10.6125	0.3643786	 2.744398	0.2167416	        1	0.5811202	 1.451564	0.6838779	0.2517416	0.6161202	
  10.6875	0.3635987	 2.750285	0.2158729	        1	0.5794717	 1.456237	0.6830093	0.2508729	0.6144717	
  10.7625	0.3628255	 2.756146	0.2150012	        1	0.5778267	 1.460894	0.6821375	0.2500012	0.6128267	
  10.8375	0.3620588	 2.761982	0.2141264	        1	0.5761852	 1.465537	0.6812627	0.2491264	0.6111852	
  10.9125	0.3612985	 2.767794	0.2132486	        1	0.5745472	 1.470165	 0.680385	0.2482486	0.6095472	
  10.9875	0.3605446	 2.773582	0.2123679	        1	0.5729126	 1.474779	0.6795043	0.2473679	0.6079126	
  11.0625	 0.359797	 2.779345	0.2114844	        1	0.5712814	 1.479378	0.6786207	0.2464844	0.6062814	
  11.1375	0.3590555	 2.785085	0.2105981	        1	0.5696535	 1.483963	0.6777344	0.2455981	0.6046535	
  11.2125	0.3583201	 2.790801	 0.209709	        1	0.5680291	 1.488534	0.6768453	 0.244709	0.6030291	
  11.2875	0.3575907	 2.796494	0.2088173	        1	0.5664079	 1.493091	0.6759536	0.2438173	0.6014079	
  11.3625	0.3568672	 2.802163	0.2079229	        1	0.5647901	 1.497634	0.6750593	0.2429229	0.5997901	
  11.4375	0.3561495	  2.80781	 0.207026	        1	0.5631755	 1.502163	0.6741624	 0.242026	0.5981755	
  11.5125	0.3554375	 2.813434	0.2061267	        1	0.5615642	 1.506679	 0.673263	0.2411267	0.5965642	
  11.5875	0.3547312	 2.819036	0.2052248	        1	 0.559956	 1.511181	0.6723612	0.2402248	 0.594956	
  11.6625	0.3540305	 2.824615	0.2043206	        1	0.5583511	 1.515669	0.6714569	0.2393206	0.5933511	
  11.7375	0.3533353	 2.830173	 0.203414	        1	0.5567493	 1.520145	0.6705504	 0.238414	0.5917493	
  11.8125	0.3526455	 2.835709	0.2025052	        1	0.5551507	 1.524607	0.6696415	0.2375052	0.5901507	
  11.8875	0.3519611	 2.841223	0.2015941	        1	0.5535552	 1.529056	0.6687304	0.2365941	0.5885552	
  11.9625	 0.351282	 2.846716	0.2006808	        1	0.5519628	 1.533492	0.6678171	0.2356808	0.5869628	
  12.0375	0.3506081	 2.852187	0.1997653	        1	0.5503734	 1.537916	0.6669017	0.2347653	0.5853734	
  12.1125	0.3499393	 2.857638	0.1988478	        1	0.5487871	 1.542327	0.6659842	0.2338478	0.5837871	
  12.1875	0.3492756	 2.863068	0.1979282	        1	0.5472038	 1.546725	0.6650646	0.2329282	0.5822038	
  12.2625	0.3486169	 2.868478	0.1970066	        1	0.5456236	 1.551111	 0.664143	0.2320066	0.5806236	
  12.3375	0.3479632	 2.873867	0.1960831	        1	0.5440463	 1.555484	0.6632194	0.2310831	0.5790463	
  12.4125	0.3473143	 2.879236	0.1951576	        1	0.5424719	 1.559845	0.6622939	0.2301576	0.5774719	
  12.4875	0.3466703	 2.884585	0.1942302	        1	0.5409005	 1.564194	0.6613666	0.2292302	0.5759005	
  12.5625	 0.346031	 2.889915	 0.193301	        1	 0.539332	 1.568531	0.6604373	 0.228301	 0.574332	
  12.6375	0.3453964	 2.895224	  0.19237	        1	0.5377663	 1.572856	0.6595063	  0.22737	0.5727663	
  12.7125	0.3447664	 2.900515	0.1914372	        1	0.5362036	 1.577169	0.6585735	0.2264372	0.5712036	
  12.7875	 0.344141	 2.905786	0.1905027	        1	0.5346437	  1.58147	 0.657639	0.2255027	0.5696437	
  12.8625	0.3435201	 2.911038	0.1895665	        1	0.5330866	 1.585759	0.6567028	0.2245665	0.5680866	
  12.9375	0.3429037	 2.916271	0.1886286	        1	0.5315323	 1.590037	 0.655765	0.2236286	0.5665323	
  13.0125	0.3422916	 2.921485	0.1876892	        1	0.5299808	 1.594304	0.6548255	0.2226892	0.5649808	
  13.0875	 0.341684	 2.926681	0.1867481	        1	0.5284321	 1.598559	0.6538845	0.2217481	0.5634321	
  13.1625	0.3410806	 2.931859	0.1858055	        1	0.5268861	 1.602803	0.6529419	0.2208055	0.5618861	
  13.2375	0.3404814	 2.937018	0.1848614	        1	0.5253428	 1.607035	0.6519978	0.2198614	0.5603428	
  13.3125	0.3398865	 2.942159	0.1839158	        1	0.5238023	 1.611256	0.6510522	0.2189158	0.5588023	
  13.3875	0.3392957	 2.947282	0.1829688	        1	0.5222644	 1.615467	0.6501051	0.2179688	0.5572644	
  13.4625	0.3387089	 2.952388	0.1820203	        1	0.5207293	 1.619666	0.6491567	0.2170203	0.5557293	
  13.5375	0.3381262	 2.957475	0.1810705	        1	0.5191967	 1.623855	0.6482068	0.2160705	0.5541967	
  13.6125	0.3375475	 2.962546	0.1801193	        1	0.5176668	 1.628033	0.6472556	0.2151193	0.5526668	
  13.6875	0.3369728	 2.967599	0.1791667	        1	0.5161395	   1.6322	0.6463031	0.2141667	0.5511395	
  13.7625	0.3364019	 2.972635	0.1782129	        1	0.5146148	 1.636356	0.6453493	0.2132129	0.5496148	
  13.8375	0.3358349	 2.977654	0.1772578	        1	0.5130927	 1.640502	0.6443942	0.2122578	0.5480927	
  13.9125	0.3352717	 2.982656	0.1763015	        1	0.5115732	 1.644637	0.6434378	0.2113015	0.5465732	
  13.9875	0.3347122	 2.987641	0.1753439	        1	0.5100562	 1.648762	0.6424803	0.2103439	0.5450562	
  14.0625	0.3341565	  2.99261	0.1743852	        1	0.5085417	 1.652877	0.6415215	0.2093852	0.5435417	
  14.1375	0.3336045	 2.997562	0.1734253	        1	0.5070297	 1.656982	0.6405616	0.2084253	0.5420297	
  14.2125	 0.333056	 3.002498	0.1724642	        1	0.5055203	 1.661076	0.6396006	0.2074642	0.5405203	
  14.2875	0.3325112	 3.007417	0.1715021	        1	0.5040133	  1.66516	0.6386384	0.2065021	0.5390133	
  14.3625	0.3319699	 3.012321	0.1705388	        1	0.5025087	 1.669235	0.6376752	0.2055388	0.5375087	
  14.4375	0.3314321	 3.017209	0.1695745	        1	0.5010067	 1.673299	0.6367109	0.2045745	0.5360067	
  14.5125	0.3308978	 3.022081	0.1686092	        1	 0.499507	 1.677354	0.6357455	0.2036092	 0.534507	
  14.5875	 0.330367	 3.026937	0.1676428	        1	0.4980098	 1.681398	0.6347792	0.2026428	0.5330098	
  14.6625	0.3298395	 3.031778	0.1666755	        1	0.4965149	 1.685433	0.6338118	0.2016755	0.5315149	
  14.7375	0.3293153	 3.036603	0.1657071	        1	0.4950225	 1.689459	0.6328435	0.2007071	0.5300225	
  14.8125	0.3287945	 3.041413	0.1647379	        1	0.4935324	 1.693474	0.6318742	0.1997379	0.5285324	
  14.8875	 0.328277	 3.046208	0.1637677	        1	0.4920447	 1.697481	 0.630904	0.1987677	0.5270447	
  14.9625	0.3277627	 3.050988	0.1627966	        1	0.4905593	 1.701478	0.6299329	0.1977966	0.5255593	
3.986524e-270	      0.0	      0.0	3.986524e-270	      0.0	3.986524e-270	      NaN	3.986524e-270	1.356544e-231	1.356544e-231	
